          30          61
    4.50000000000000E+00
    4.65517241379310E+00
    4.81034482758621E+00
    4.96551724137931E+00
    5.12068965517241E+00
    5.27586206896552E+00
    5.43103448275862E+00
    5.58620689655172E+00
    5.74137931034483E+00
    5.89655172413793E+00
    6.05172413793103E+00
    6.20689655172414E+00
    6.36206896551724E+00
    6.51724137931035E+00
    6.67241379310345E+00
    6.82758620689655E+00
    6.98275862068965E+00
    7.13793103448276E+00
    7.29310344827586E+00
    7.44827586206897E+00
    7.60344827586207E+00
    7.75862068965517E+00
    7.91379310344828E+00
    8.06896551724138E+00
    8.22413793103448E+00
    8.37931034482759E+00
    8.53448275862069E+00
    8.68965517241379E+00
    8.84482758620690E+00
    9.00000000000000E+00
           0           0           0
   -1.73286694576238E+00
   -1.73646383818762E+00
   -1.73917067779266E+00
   -1.74120678050089E+00
   -1.74272768304375E+00
   -1.74384694028757E+00
   -1.74465218776020E+00
   -1.74521483939507E+00
   -1.74559459330185E+00
   -1.74584083083509E+00
   -1.74599290942610E+00
   -1.74608064136222E+00
   -1.74612542223196E+00
   -1.74614188046875E+00
   -1.74613967618179E+00
   -1.74612510809762E+00
   -1.74610234456019E+00
   -1.74607425342741E+00
   -1.74604290419682E+00
   -1.74600984751360E+00
   -1.74597626507533E+00
   -1.74594305379673E+00
   -1.74591088018500E+00
   -1.74588022165714E+00
   -1.74585140114766E+00
   -1.74582461696677E+00
   -1.74579996853336E+00
   -1.74577747838732E+00
   -1.74575711088845E+00
   -1.74573878796885E+00
           0           2           0
    7.82522545395885E-04
    4.75764502891079E-04
    2.64422449598660E-04
    1.34208732721839E-04
    6.45935106990542E-05
    3.38810884968921E-05
    2.35875765132316E-05
    2.07627543863465E-05
    1.82000675291948E-05
    1.32362998299490E-05
    6.01942536913426E-06
   -2.08041137029786E-06
   -9.57663033276664E-06
   -1.54366696468533E-05
   -1.92333338285275E-05
   -2.10470065414839E-05
   -2.12692492496754E-05
   -2.04085654783819E-05
   -1.89483120469146E-05
   -1.72687722464880E-05
   -1.56233534307768E-05
   -1.41501972929986E-05
   -1.29007052327078E-05
   -1.18711816765162E-05
   -1.10296253255202E-05
   -1.03346277041540E-05
   -9.74655840741232E-06
   -9.23276774337704E-06
   -8.76888899802674E-06
   -8.33802456964303E-06
           0           4           0
   -1.59632289553116E-04
   -1.12939868738295E-04
   -6.84389797327720E-05
   -3.21760918821787E-05
   -6.64385688045873E-06
    8.39028296059611E-06
    1.48181030952222E-05
    1.52094800029909E-05
    1.20896043179559E-05
    7.51849685023820E-06
    2.93141971082663E-06
   -8.39949361697084E-07
   -3.44866365367625E-06
   -4.88173460114473E-06
   -5.31931178351933E-06
   -5.02415384486645E-06
   -4.26645592963669E-06
   -3.28038054796154E-06
   -2.24495266724442E-06
   -1.28141507007006E-06
   -4.60154611562396E-07
    1.88075401323841E-07
    6.60227793641752E-07
    9.70431300202322E-07
    1.14179121580315E-06
    1.20064971547214E-06
    1.17297355713765E-06
    1.08235168925651E-06
    9.49084255126612E-07
    7.89939218479219E-07
           0           6           0
    7.64270690406781E-05
    6.52699703644363E-05
    5.39177778116808E-05
    4.30081734998405E-05
    3.30141964044707E-05
    2.42455963261800E-05
    1.68676031687477E-05
    1.09242865605435E-05
    6.36158273923638E-06
    3.04985516684378E-06
    8.07245418367070E-07
   -5.75947214094396E-07
   -1.31343538024776E-06
   -1.60242879023354E-06
   -1.60907203613180E-06
   -1.46120189857604E-06
   -1.24807275067922E-06
   -1.02528742088406E-06
   -8.22518852598563E-07
   -6.51753552473490E-07
   -5.14461167739117E-07
   -4.06924939970796E-07
   -3.23660884397482E-07
   -2.59271188223893E-07
   -2.09224617150437E-07
   -1.70018927344097E-07
   -1.39057701332358E-07
   -1.14441945549748E-07
   -9.47738055748267E-08
   -7.90052513016489E-08
           0           8           0
   -1.57343491528043E-05
   -1.52887971917103E-05
   -1.42263166035584E-05
   -1.27172169827673E-05
   -1.09433145907201E-05
   -9.07627307181702E-06
   -7.26103850318342E-06
   -5.60559386947302E-06
   -4.17739591861689E-06
   -3.00580863459463E-06
   -2.08895545951417E-06
   -1.40292848372545E-06
   -9.11315836258087E-07
   -5.73452317525939E-07
   -3.50475738749140E-07
   -2.08959904211786E-07
   -1.22422115370714E-07
   -7.12881217949447E-08
   -4.19539609021791E-08
   -2.54832678216372E-08
   -1.63077149775319E-08
   -1.11277515544997E-08
   -8.08036524941584E-09
   -6.16093839020564E-09
   -4.84987812466951E-09
   -3.88688254711482E-09
   -3.14283761214508E-09
   -2.55158453390722E-09
   -2.07588682272049E-09
   -1.69158300642684E-09
           0          10           0
    5.79379505142844E-06
    5.65789207009936E-06
    5.31384073717724E-06
    4.80848320133046E-06
    4.19745141884902E-06
    3.53740722379261E-06
    2.87944156730649E-06
    2.26437754125089E-06
    1.72034270023907E-06
    1.26253950520356E-06
    8.94781196264072E-07
    6.12143455779303E-07
    4.04037752459675E-07
    2.57118047406201E-07
    1.57625810148475E-07
    9.29960279174361E-08
    5.27335091595542E-08
    2.86922100099058E-08
    1.49444699955190E-08
    7.42510580147701E-09
    3.49840063246824E-09
    1.54585237056018E-09
    6.25407994232862E-10
    2.17296448159279E-10
    4.98457935020241E-11
   -1.12656922492113E-11
   -2.86993136338803E-11
   -2.99052835433862E-11
   -2.60700325128490E-11
   -2.13520690513471E-11
           2           2           0
    7.01136663376391E-04
    6.38120469891155E-04
    5.58502071236353E-04
    4.68360933010215E-04
    3.79509011807325E-04
    3.02521952748035E-04
    2.43068049606878E-04
    2.01443018955556E-04
    1.74169160348210E-04
    1.56265313935040E-04
    1.43132897211501E-04
    1.31577852277374E-04
    1.19992326707105E-04
    1.07998399657274E-04
    9.59048913306254E-05
    8.42316164488269E-05
    7.34147157625496E-05
    6.36932450126660E-05
    5.51186194178787E-05
    4.76187920402978E-05
    4.10671670570421E-05
    3.53316148875926E-05
    3.02989491857985E-05
    2.58808110699612E-05
    2.20095952055643E-05
    1.86313443961930E-05
    1.56995288387306E-05
    1.31710905157617E-05
    1.10046387209191E-05
    9.16009388454788E-06
           2           4           0
    1.25173537927147E-04
    7.61419460997637E-05
    3.77227816180184E-05
    1.12336034380020E-05
   -4.26764775658875E-06
   -1.10690004265713E-05
   -1.19446517455948E-05
   -9.50944945756934E-06
   -5.83551384276977E-06
   -2.30680221580952E-06
    3.48460562558074E-07
    1.91801993225926E-06
    2.52365211388752E-06
    2.44759347279172E-06
    1.99882067028260E-06
    1.43138844785716E-06
    9.11322291953873E-07
    5.18923485571395E-07
    2.70298998211004E-07
    1.44095462477549E-07
    1.04336068367082E-07
    1.15490308918457E-07
    1.49825532792961E-07
    1.89135107793442E-07
    2.23378533620851E-07
    2.48255760804937E-07
    2.62912182756487E-07
    2.68250450499987E-07
    2.65876290407142E-07
    2.57517219271485E-07
           2           6           0
   -6.65977831885865E-06
   -2.00882283510102E-06
    1.64609025261991E-06
    4.24290498343194E-06
    5.80614469067862E-06
    6.43434135453350E-06
    6.29159492714521E-06
    5.58975715088750E-06
    4.55928205549280E-06
    3.41547646599073E-06
    2.32989289361050E-06
    1.41428567434455E-06
    7.19410123300000E-07
    2.45916604098170E-07
   -3.83215129115407E-08
   -1.80370695882175E-07
   -2.28120427362525E-07
   -2.21683219003952E-07
   -1.90013479955336E-07
   -1.51249370061122E-07
   -1.15003456305648E-07
   -8.51646133615356E-08
   -6.23455123794557E-08
   -4.56342820290487E-08
   -3.36549274660958E-08
   -2.51010728095963E-08
   -1.89365317913215E-08
   -1.44192940830280E-08
   -1.10510272525819E-08
   -8.50753361732789E-09
           2           8           0
   -1.81187915277277E-07
   -9.54131307313570E-07
   -1.60519395194340E-06
   -2.08616179147763E-06
   -2.36825691221240E-06
   -2.44934431700562E-06
   -2.35331822976743E-06
   -2.12312147383414E-06
   -1.81047391683676E-06
   -1.46565609902318E-06
   -1.12985887731364E-06
   -8.31251383570153E-07
   -5.84614533753146E-07
   -3.93526267521160E-07
   -2.53789279012518E-07
   -1.56953989666565E-07
   -9.31953453493263E-08
   -5.32412516777962E-08
   -2.93851641887614E-08
   -1.57975980654959E-08
   -8.40045609210357E-09
   -4.53325308856571E-09
   -2.57089004735745E-09
   -1.58279077552955E-09
   -1.06966470065882E-09
   -7.80789548414593E-10
   -5.98248733387426E-10
   -4.69624626026133E-10
   -3.72127692209971E-10
   -2.95221228685500E-10
           2          10           0
    8.53523454158077E-07
    9.73673926594156E-07
    1.07574128157988E-06
    1.14239712305830E-06
    1.16155663880928E-06
    1.12894369930361E-06
    1.04848955505400E-06
    9.30774571430888E-07
    7.90232717168625E-07
    6.42034377121244E-07
    4.99446200885695E-07
    3.72156890227031E-07
    2.65694779552098E-07
    1.81760459316083E-07
    1.19134895821245E-07
    7.47973336471028E-08
    4.49614065002072E-08
    2.58583757716702E-08
    1.42149862807336E-08
    7.45887331266837E-09
    3.72811688190655E-09
    1.76919806146071E-09
    7.92604060389974E-10
    3.31507902425373E-10
    1.26261316506227E-10
    4.08904599709633E-11
    8.35403184380279E-12
   -2.43628734655272E-12
   -5.00262127509516E-12
   -4.83739931554791E-12
           4           4           0
   -1.58728575889283E-05
   -9.52197726861559E-06
   -5.60225374957788E-06
   -3.79938499208654E-06
   -3.40265967599112E-06
   -3.63877414385525E-06
   -3.89789198372028E-06
   -3.83687552445109E-06
   -3.37413176361337E-06
   -2.61305421474092E-06
   -1.73954145844529E-06
   -9.32523544370763E-07
   -3.09832998728716E-07
    8.68695421256410E-08
    2.78128482642810E-07
    3.19298231897717E-07
    2.73615275965376E-07
    1.93875242477487E-07
    1.14663831655836E-07
    5.28515397782670E-08
    1.24570814994038E-08
   -9.58070714271180E-09
   -1.87991723075599E-08
   -2.04594729129546E-08
   -1.84161492334073E-08
   -1.50174695467712E-08
   -1.14677802328962E-08
   -8.27269314620247E-09
   -5.58726217209439E-09
   -3.42419497373143E-09
           4           6           0
   -5.44392801869487E-07
   -3.89021857408143E-07
   -2.13359807256813E-07
   -4.97621371860662E-08
    8.43772753198331E-08
    1.81549543153097E-07
    2.40972535133160E-07
    2.66427893926949E-07
    2.64461658776218E-07
    2.42775544607791E-07
    2.08921454727683E-07
    1.69441711260235E-07
    1.29464731577477E-07
    9.26364438564070E-08
    6.12333612663738E-08
    3.63473263873820E-08
    1.80992042835264E-08
    5.87919790255262E-09
   -1.38765572530024E-09
   -4.97307055622609E-09
   -6.11257875259251E-09
   -5.84317190098897E-09
   -4.92648086838757E-09
   -3.84801880154239E-09
   -2.86633307051990E-09
   -2.08212574197355E-09
   -1.50391022608146E-09
   -1.09767930615458E-09
   -8.17764493738594E-10
   -6.22141521940219E-10
           4           8           0
    2.58357487303433E-07
    1.21869557136831E-07
    2.36596785689071E-08
   -4.57548320677865E-08
   -9.34715269706721E-08
   -1.24304676811787E-07
   -1.41371913172141E-07
   -1.46865959801244E-07
   -1.42729614153007E-07
   -1.31062098700619E-07
   -1.14213963526763E-07
   -9.46351935660560E-08
   -7.46009572197983E-08
   -5.59446601445567E-08
   -3.98906315795999E-08
   -2.70227666977355E-08
   -1.73743176482055E-08
   -1.05919063054676E-08
   -6.11840019358226E-09
   -3.35005612831186E-09
   -1.74369059723722E-09
   -8.70170658087281E-10
   -4.24759858269426E-10
   -2.10840199356777E-10
   -1.12637647673793E-10
   -6.79135854261595E-11
   -4.61997449692687E-11
   -3.39702951268020E-11
   -2.57813099448429E-11
   -1.96477700399944E-11
           4          10           0
   -3.10061148347274E-08
    2.03490425961226E-08
    5.87697077787109E-08
    8.47771450814820E-08
    9.98642856592182E-08
    1.05923360864897E-07
    1.04892449247935E-07
    9.85835820038228E-08
    8.86324007943095E-08
    7.64987693066845E-08
    6.34650217811604E-08
    5.06113383222463E-08
    3.87745149817290E-08
    2.85145136348421E-08
    2.01096926538298E-08
    1.35882688442127E-08
    8.78927707500369E-09
    5.43742198230251E-09
    3.21438902140180E-09
    1.81405071749500E-09
    9.76210598579088E-10
    5.00164828241095E-10
    2.43430869393567E-10
    1.12133269647937E-10
    4.85660256940992E-11
    1.95198334907682E-11
    7.06620405956348E-12
    2.11484341595004E-12
    3.36120281591414E-13
   -2.06949936550906E-13
           6           6           0
   -1.42287366535308E-07
   -1.11398547836304E-07
   -8.25568832222295E-08
   -5.81700279601376E-08
   -3.89587262697702E-08
   -2.45261471305790E-08
   -1.38794029181511E-08
   -5.91180021291936E-09
    2.44099411665213E-10
    5.05482684632101E-09
    8.62370659939570E-09
    1.08642338947551E-08
    1.17050993120387E-08
    1.12358743064848E-08
    9.74449599482265E-09
    7.65506783300746E-09
    5.41450369745431E-09
    3.38566785254759E-09
    1.78626829097136E-09
    6.83490757514996E-10
    3.02313498890596E-11
   -2.81752108453783E-10
   -3.73605637917344E-10
   -3.48007401624904E-10
   -2.76327073832491E-10
   -1.99475452780949E-10
   -1.35614211942915E-10
   -8.91490762707967E-11
   -5.79241236884644E-11
   -3.78174560741583E-11
           6           8           0
    4.32117433764043E-08
    3.20838426217769E-08
    2.33404174626492E-08
    1.63146247512579E-08
    1.06278838702323E-08
    6.06614290977779E-09
    2.49971737453521E-09
   -1.66068110836549E-10
   -2.01904923169412E-09
   -3.15435139007935E-09
   -3.68129746140244E-09
   -3.72552610375573E-09
   -3.42381489997508E-09
   -2.91301847648907E-09
   -2.31605358973024E-09
   -1.72958742754177E-09
   -1.21715786030804E-09
   -8.09385912260954E-10
   -5.10192469739860E-10
   -3.06194587649481E-10
   -1.76132995261850E-10
   -9.80812827467261E-11
   -5.36112083597025E-11
   -2.92587379156642E-11
   -1.62246645392589E-11
   -9.26602371051257E-12
   -5.48401029990854E-12
   -3.35804903273064E-12
   -2.11924518529077E-12
   -1.39315935429097E-12
           6          10           0
   -2.13121056108347E-08
   -1.73756274019906E-08
   -1.35680279457363E-08
   -9.96724754731309E-09
   -6.68509640671008E-09
   -3.84126405092917E-09
   -1.52866725626878E-09
    2.09460768237310E-10
    1.38584411948458E-09
    2.06130134616676E-09
    2.32889787548994E-09
    2.29576086003473E-09
    2.06722341261829E-09
    1.73535330455678E-09
    1.37228023024889E-09
    1.02801503310899E-09
    7.31818031153724E-10
    4.95846030304937E-10
    3.19967160014614E-10
    1.96632590589567E-10
    1.15006548108052E-10
    6.39422070996295E-11
    3.37296530851218E-11
    1.68319721123588E-11
    7.90952082848565E-12
    3.47413161166401E-12
    1.40747847675749E-12
    5.11352275762511E-13
    1.53772553365813E-13
    2.58647693784616E-14
           8           8           0
    1.10126548076763E-08
    9.16075645185248E-09
    7.61582703106458E-09
    6.26560026321971E-09
    5.05270152611716E-09
    3.96040951441004E-09
    2.99422331061770E-09
    2.16623912448567E-09
    1.48489153732831E-09
    9.50361739557494E-10
    5.52804784753098E-10
    2.74558706577155E-10
    9.38166243960760E-11
   -1.21830055013094E-11
   -6.48007586412575E-11
   -8.23535499895541E-11
   -7.93114624421111E-11
   -6.62136036731293E-11
   -5.00590240951288E-11
   -3.49243888508584E-11
   -2.26961538755607E-11
   -1.38084537260172E-11
   -7.88786747473369E-12
   -4.24066254252906E-12
   -2.15098735704803E-12
   -1.03441996925058E-12
   -4.75406940173722E-13
   -2.13985553994094E-13
   -1.00465503836055E-13
   -5.47425416764580E-14
           8          10           0
   -2.92766654373479E-09
   -2.67586108738626E-09
   -2.39917949891327E-09
   -2.09652881029591E-09
   -1.77310391021915E-09
   -1.44288086873331E-09
   -1.12350348983333E-09
   -8.31755821159639E-10
   -5.80430268125732E-10
   -3.77277371998742E-10
   -2.23927956350691E-10
   -1.16200310531288E-10
   -4.64405653401834E-11
   -5.70518525610663E-12
    1.46783926701678E-11
    2.20861081346276E-11
    2.21179873986674E-11
    1.86547536874918E-11
    1.41256177100987E-11
    9.85725719527663E-12
    6.41927561148938E-12
    3.92648784275048E-12
    2.26317151088738E-12
    1.23082254396909E-12
    6.31249262591864E-13
    3.05276432320425E-13
    1.38276649719739E-13
    5.84059625614647E-14
    2.27312539993231E-14
    8.10025569568992E-15
          10          10           0
   -1.09642333043446E-09
   -8.92735734209719E-10
   -6.64010382528068E-10
   -4.45302755373221E-10
   -2.60890802604404E-10
   -1.22148427802977E-10
   -3.03950173449429E-11
    2.04863443290431E-11
    4.06864148458136E-11
    4.19722188845358E-11
    3.46426275812012E-11
    2.51048352223519E-11
    1.65693706525826E-11
    1.02007033301506E-11
    6.00204683368332E-12
    3.47179577431635E-12
    2.06519709628161E-12
    1.31605168267741E-12
    8.99005676793677E-13
    6.36386525887291E-13
    4.47356719065193E-13
    3.03970802183000E-13
    1.96412271551692E-13
    1.19781698868968E-13
    6.89489918203343E-14
    3.70529827862219E-14
    1.85384476866779E-14
    8.95726414996403E-15
    3.78217151607990E-15
    1.61922545142100E-15
           2           2           1
   -4.62054753688679E-04
   -4.75566532747775E-04
   -4.65189920813380E-04
   -4.34149498278569E-04
   -3.90003642724445E-04
   -3.40557246961592E-04
   -2.91729411801506E-04
   -2.47004916473692E-04
   -2.07824520592070E-04
   -1.74312932656891E-04
   -1.45951070327680E-04
   -1.22026810864986E-04
   -1.01860341552097E-04
   -8.48750720696108E-05
   -7.05933095027606E-05
   -5.86115021227976E-05
   -4.85804797172513E-05
   -4.01957810142060E-05
   -3.31942661883293E-05
   -2.73521776574435E-05
   -2.24820056922392E-05
   -1.84278097074486E-05
   -1.50598356929617E-05
   -1.22694155879215E-05
   -9.96475187001278E-06
   -8.06773739534765E-06
   -6.51166281225395E-06
   -5.23955379598670E-06
   -4.20289760838282E-06
   -3.36058943626889E-06
           2           4           1
   -8.17044524772023E-05
   -5.06053979482989E-05
   -2.81913355674974E-05
   -1.39317486506412E-05
   -6.12817325088064E-06
   -2.71578285969116E-06
   -1.81746484424291E-06
   -2.02603966152767E-06
   -2.46555231459035E-06
   -2.71272576124499E-06
   -2.65734716120702E-06
   -2.36030173943006E-06
   -1.94265104434946E-06
   -1.51690065013824E-06
   -1.15645899522044E-06
   -8.91878100299824E-07
   -7.21256922711047E-07
   -6.24741010894976E-07
   -5.77006320390151E-07
   -5.55271332203660E-07
   -5.42885446408363E-07
   -5.29756623015311E-07
   -5.11106599349541E-07
   -4.85720657868381E-07
   -4.54373494179991E-07
   -4.18696464239099E-07
   -3.80491446117491E-07
   -3.41383279076842E-07
   -3.02685830877385E-07
   -2.65384062601204E-07
           2           6           1
   -1.78530778615727E-05
   -1.68147430850045E-05
   -1.53214171874225E-05
   -1.33865417011447E-05
   -1.11471886192281E-05
   -8.79874015398243E-06
   -6.54006078594844E-06
   -4.53319398889125E-06
   -2.88072110248435E-06
   -1.62079158643525E-06
   -7.36301524314994E-07
   -1.72374872496883E-07
    1.44077903095427E-07
    2.87610635237768E-07
    3.22949915677133E-07
    2.99593543750066E-07
    2.51178525803674E-07
    1.97822051909788E-07
    1.49697855317321E-07
    1.10588554692575E-07
    8.07374049171743E-08
    5.88018946310362E-08
    4.30052434802353E-08
    3.17030818218246E-08
    2.35880409634556E-08
    1.77053761923941E-08
    1.33912248896043E-08
    1.01941731321676E-08
    7.80689063390131E-09
    6.01572879258780E-09
           2           8           1
    4.02197829260183E-06
    5.02198914717644E-06
    5.42705815345086E-06
    5.34416831270143E-06
    4.90536435665770E-06
    4.24714054881027E-06
    3.49275371330229E-06
    2.74018708689141E-06
    2.05680459224792E-06
    1.48006519903625E-06
    1.02253039053868E-06
    6.78990940858127E-07
    4.33770475746775E-07
    2.66871806679545E-07
    1.58340187390338E-07
    9.08070808152472E-08
    5.05457474353511E-08
    2.75139742255747E-08
    1.48394565745280E-08
    8.09653807481971E-09
    4.59439653089042E-09
    2.78593323338945E-09
    1.82942735416655E-09
    1.29119296963812E-09
    9.59033699454836E-10
    7.33473546679332E-10
    5.68801706989234E-10
    4.43429618428198E-10
    3.46132250710924E-10
    2.70179692016550E-10
           2          10           1
   -1.89839071625737E-06
   -2.33953833882815E-06
   -2.54156667662032E-06
   -2.53424474166041E-06
   -2.36401734712526E-06
   -2.08462451040469E-06
   -1.74854442541370E-06
   -1.40054294176239E-06
   -1.07396474125095E-06
   -7.89727105692327E-07
   -5.57461389470244E-07
   -3.77980897484571E-07
   -2.46241720623255E-07
   -1.54130499636631E-07
   -9.26705974445539E-08
   -5.34943976084853E-08
   -2.96249842788328E-08
   -1.57221845302129E-08
   -7.98311365290921E-09
   -3.86866057330896E-09
   -1.78193956666869E-09
   -7.74298527474521E-10
   -3.12547047658741E-10
   -1.12948572966827E-10
   -3.25463409578715E-11
   -3.20350260317092E-12
    5.74149966883213E-12
    7.26202418181669E-12
    6.47510825576984E-12
    5.22307964321982E-12
           4           4           1
    4.54617771412862E-06
    4.75068716446524E-06
    5.52141046398988E-06
    6.23242285754470E-06
    6.44507533331345E-06
    6.00904374360538E-06
    5.02497802053387E-06
    3.73751195024555E-06
    2.41901435990499E-06
    1.28376380059864E-06
    4.48080117808240E-07
   -6.79457677121033E-08
   -3.12725756938246E-07
   -3.67223857826731E-07
   -3.14260118799386E-07
   -2.19636690883340E-07
   -1.25426326833666E-07
   -5.20111756306486E-08
   -4.39190986456440E-09
    2.09069879944747E-08
    3.04392006868536E-08
    3.05849299730892E-08
    2.61524595230796E-08
    2.01750849007265E-08
    1.42724080887903E-08
    9.14570048283484E-09
    4.99221410847261E-09
    1.77682666072808E-09
   -6.20893486569419E-10
   -2.34087696643199E-09
           4           6           1
    1.59931219359537E-06
    8.77275238529096E-07
    3.08635787425292E-07
   -1.00138043262423E-07
   -3.61233108429425E-07
   -4.98148587291378E-07
   -5.39590656308552E-07
   -5.14683517328833E-07
   -4.49592531055074E-07
   -3.65575453069817E-07
   -2.78293960896335E-07
   -1.98054418609929E-07
   -1.30598250383718E-07
   -7.81208198539765E-08
   -4.03087497376841E-08
   -1.52830521068933E-08
   -3.93565331092772E-10
    7.16413287460157E-09
    9.92373295910198E-09
    9.91201901191562E-09
    8.57624573405074E-09
    6.83071014907494E-09
    5.17000221397492E-09
    3.80139365897357E-09
    2.76315501555583E-09
    2.01256213782770E-09
    1.48134544629964E-09
    1.10458818350524E-09
    8.31895096043405E-10
    6.28846733243675E-10
           4           8           1
   -3.99459180988853E-07
   -2.14832933689906E-07
   -5.68511898745680E-08
    7.31170334481597E-08
    1.71639384553781E-07
    2.36431128126080E-07
    2.68204505726878E-07
    2.71039048976209E-07
    2.51602200028614E-07
    2.17769105356524E-07
    1.77185762746647E-07
    1.36167038402232E-07
    9.91125981209372E-08
    6.84331629119945E-08
    4.48543762256444E-08
    2.79160756426405E-08
    1.64992021750587E-08
    9.26470677774644E-09
    4.95121501397066E-09
    2.53034732566008E-09
    1.25057074213865E-09
    6.11685844129293E-10
    3.08186771353377E-10
    1.68318482769890E-10
    1.03172959209199E-10
    7.04287594123560E-11
    5.15682016081093E-11
    3.90945212483409E-11
    3.01140182747069E-11
    2.34524156536237E-11
           4          10           1
   -7.73344482293457E-09
   -5.97041882103043E-08
   -1.04976091797893E-07
   -1.41303524642224E-07
   -1.66495047449068E-07
   -1.79234190334197E-07
   -1.79601132027333E-07
   -1.69152239852326E-07
   -1.50590721218559E-07
   -1.27188756907118E-07
   -1.02162949678843E-07
   -7.81752941764686E-08
   -5.70546923832267E-08
   -3.97476075649382E-08
   -2.64456904313318E-08
   -1.68091719587396E-08
   -1.02074456171098E-08
   -5.92118472835770E-09
   -3.27989636919324E-09
   -1.73371168759797E-09
   -8.73503456621045E-10
   -4.18694334844274E-10
   -1.90302658913905E-10
   -8.15214328300209E-11
   -3.25158474538154E-11
   -1.17465107503244E-11
   -3.55448796718544E-12
   -6.20899082829810E-13
    2.71516254117754E-13
    4.42930116836029E-13
           6           6           1
    1.11986576456238E-07
    8.86052267643985E-08
    6.77481599939344E-08
    5.05876965867611E-08
    3.60174053710958E-08
    2.25776192965744E-08
    9.54305509711369E-09
   -2.79416278559214E-09
   -1.34326909072315E-08
   -2.12391915574877E-08
   -2.54813073022955E-08
   -2.61148141867011E-08
   -2.37688059681738E-08
   -1.95025625918390E-08
   -1.44739104572890E-08
   -9.65349927164397E-09
   -5.66475726789806E-09
   -2.76193199209313E-09
   -9.08354723836119E-10
    1.02418286005642E-10
    5.32495231591583E-10
    6.20755861910711E-10
    5.45062106863393E-10
    4.16728792399047E-10
    2.93142684365908E-10
    1.96100319210986E-10
    1.28145457633832E-10
    8.38745391228742E-11
    5.62633060385742E-11
    3.94028831631313E-11
           6           8           1
   -3.49946797771463E-08
   -2.12617831988851E-08
   -1.23657957608810E-08
   -6.41409515193277E-09
   -2.07875087408140E-09
    1.38385621399058E-09
    4.24018543137596E-09
    6.46306494726883E-09
    7.92434677897340E-09
    8.54356817355924E-09
    8.36152479921664E-09
    7.54171628679483E-09
    6.32315092844061E-09
    4.95562021481423E-09
    3.64512886527726E-09
    2.52468703354447E-09
    1.65178713540249E-09
    1.02452215652733E-09
    6.05297052732979E-10
    3.42926419138466E-10
    1.88082743615500E-10
    1.01160947389603E-10
    5.42098961049793E-11
    2.94303075066604E-11
    1.64149316049895E-11
    9.48396795938302E-12
    5.68995960848677E-12
    3.54340462111523E-12
    2.29185336573522E-12
    1.53731390783302E-12
           6          10           1
    4.16237391044065E-09
   -6.41308553117138E-10
   -4.01766748130669E-09
   -6.23673460981173E-09
   -7.59246923698271E-09
   -8.32315250377127E-09
   -8.58899410448183E-09
   -8.48329826686724E-09
   -8.06136180073317E-09
   -7.37186572635027E-09
   -6.47705645753634E-09
   -5.45721957511602E-09
   -4.40183361450133E-09
   -3.39479196476809E-09
   -2.50098514064014E-09
   -1.75887207222779E-09
   -1.18017280903987E-09
   -7.55128770605505E-10
   -4.60475202127599E-10
   -2.67403978455871E-10
   -1.47720909315808E-10
   -7.75102665063752E-11
   -3.85401914277952E-11
   -1.80961457701331E-11
   -7.97845340353692E-12
   -3.27023987105202E-12
   -1.22256313798240E-12
   -3.97777924863324E-13
   -9.71513112470700E-14
   -4.00242803445328E-15
           8           8           1
   -5.46305054306056E-09
   -4.09479427527221E-09
   -3.21801776032965E-09
   -2.61738121971445E-09
   -2.15419700362311E-09
   -1.74934751066757E-09
   -1.36657664719203E-09
   -9.98713803116366E-10
   -6.55365375652788E-10
   -3.54095723017217E-10
   -1.11486652887658E-10
    6.36079792954713E-11
    1.71496665310877E-10
    2.20617160735671E-10
    2.24888237467468E-10
    2.00261912019441E-10
    1.61470741782971E-10
    1.19897997266814E-10
    8.27479314613767E-11
    5.33709062086271E-11
    3.22784017676181E-11
    1.83468681014674E-11
    9.81805316977976E-12
    4.95629223545082E-12
    2.36838314615590E-12
    1.07945206508038E-12
    4.77467839097028E-13
    2.13039165776192E-13
    1.01243926267549E-13
    5.20468161231409E-14
           8          10           1
   -6.37492921478348E-10
   -4.63143583056888E-10
   -2.82914879270474E-10
   -1.26373384557260E-10
   -1.48274295089123E-11
    4.48098319602276E-11
    5.82423295450939E-11
    3.88474707080594E-11
    1.85528319408959E-12
   -3.88693581901883E-11
   -7.28746923823827E-11
   -9.47154089252726E-11
   -1.03231925733083E-10
   -1.00192303880762E-10
   -8.89151840839013E-11
   -7.31560578420140E-11
   -5.62434775851198E-11
   -4.06118058646432E-11
   -2.76361612605496E-11
   -1.77643950490311E-11
   -1.08007015493227E-11
   -6.21462063871126E-12
   -3.38390893505779E-12
   -1.74272943064745E-12
   -8.47420065028118E-13
   -3.88379938459475E-13
   -1.67137107817260E-13
   -6.70996910446153E-14
   -2.49702060244050E-14
   -8.12062090884075E-15
          10          10           1
    1.97861378277149E-09
    2.11786458274083E-09
    2.06650129098449E-09
    1.86809443221764E-09
    1.57955056420933E-09
    1.25737814253920E-09
    9.45485444535595E-10
    6.71731642522663E-10
    4.50107138965706E-10
    2.84011656865095E-10
    1.68259329903840E-10
    9.29750676108464E-11
    4.73039346197152E-11
    2.15700913441393E-11
    8.17362668399776E-12
    1.80979494730077E-12
   -8.33430047895891E-13
   -1.64255146654490E-12
   -1.62707867080466E-12
   -1.30753399305169E-12
   -9.35128579287331E-13
   -6.15273614731058E-13
   -3.77507526886538E-13
   -2.17412931360656E-13
   -1.17851513223050E-13
   -6.02594976548869E-14
   -2.88008905055060E-14
   -1.29034813839716E-14
   -5.47713103034786E-15
   -2.07151648129933E-15
           2           2           2
    1.08813170755696E-04
    6.09273510832894E-05
    4.13562716668057E-05
    3.82199993229098E-05
    4.24243831318054E-05
    4.80490663607379E-05
    5.19496324891878E-05
    5.29996672273400E-05
    5.12969443112520E-05
    4.75182466180862E-05
    4.24857331539615E-05
    3.69288172473864E-05
    3.13896561141429E-05
    2.62154496055902E-05
    2.15920672641089E-05
    1.75895022523438E-05
    1.42036578248802E-05
    1.13885871873022E-05
    9.07867179875352E-06
    7.20252861393656E-06
    5.69096751586773E-06
    4.48103805700887E-06
    3.51768074439823E-06
    2.75400291066310E-06
    2.15082214469238E-06
    1.67586405290045E-06
    1.30283831475592E-06
    1.01051752026845E-06
    7.81883678366131E-07
    6.03371960233646E-07
           2           4           2
    4.02641996772287E-05
    3.01776291889496E-05
    2.16159594420905E-05
    1.49507227891521E-05
    1.01128342209095E-05
    6.79424735179258E-06
    4.61231432929484E-06
    3.21363398328158E-06
    2.32130852823589E-06
    1.74233585120871E-06
    1.35379561221434E-06
    1.08235084088530E-06
    8.85602387678796E-07
    7.38659382740345E-07
    6.25992514006717E-07
    5.37175382419745E-07
    4.64910268463204E-07
    4.04127555698539E-07
    3.51467117527736E-07
    3.04853334245568E-07
    2.63101475172902E-07
    2.25577666622181E-07
    1.91940460527080E-07
    1.61970706920662E-07
    1.35476571032944E-07
    1.12251561073116E-07
    9.20639836465281E-08
    7.46616310228020E-08
    5.97817149975742E-08
    4.71608979311180E-08
           2           6           2
    8.37637719112742E-06
    6.70555867852152E-06
    5.12486799999974E-06
    3.71834775719096E-06
    2.53807008459167E-06
    1.60423317047470E-06
    9.09749671917343E-07
    4.27639311546346E-07
    1.19434717172628E-07
   -5.70016275288159E-08
   -1.41382113704976E-07
   -1.67146016733979E-07
   -1.59806868056681E-07
   -1.37032886346006E-07
   -1.09819823669578E-07
   -8.41364059841587E-08
   -6.25717805143064E-08
   -4.57079369783752E-08
   -3.31139282090117E-08
   -2.39782213420201E-08
   -1.74564381280685E-08
   -1.28266991261325E-08
   -9.53259436839576E-09
   -7.17119350955557E-09
   -5.46128502608523E-09
   -4.21003853391293E-09
   -3.28550844672692E-09
   -2.59653741398534E-09
   -2.07913233284982E-09
   -1.68760668458230E-09
           2           8           2
   -5.39350881227669E-06
   -4.65484663821856E-06
   -3.85152326194884E-06
   -3.06462480071625E-06
   -2.34949191694364E-06
   -1.73765430249188E-06
   -1.24081821347298E-06
   -8.55983537361056E-07
   -5.70742114942063E-07
   -3.67987350708905E-07
   -2.29562167024807E-07
   -1.38688305031106E-07
   -8.12704580334429E-08
   -4.63212677040353E-08
   -2.58040218827370E-08
   -1.41653057698541E-08
   -7.76435353771035E-09
   -4.33047156623096E-09
   -2.51397027930685E-09
   -1.54932557701532E-09
   -1.02170506607580E-09
   -7.15847839045548E-10
   -5.24228889663717E-10
   -3.94539828419327E-10
   -3.01399748536486E-10
   -2.32021703807916E-10
   -1.79373894325335E-10
   -1.39108556186265E-10
   -1.08233385603413E-10
   -8.45456570307659E-11
           2          10           2
    3.25890944939068E-06
    2.81629874090765E-06
    2.34367262588276E-06
    1.88121147239028E-06
    1.45799223289418E-06
    1.09175541795062E-06
    7.90120065320261E-07
    5.52717550598843E-07
    3.73697004465326E-07
    2.44138966660369E-07
    1.54059285272464E-07
    9.38515274432241E-08
    5.51568101758978E-08
    3.12451723392182E-08
    1.70415854966383E-08
    8.93607162143242E-09
    4.49593423362443E-09
    2.16391021020111E-09
    9.91552932982171E-10
    4.28840437384592E-10
    1.72001543394989E-10
    6.13176179752551E-11
    1.69129580556049E-11
    8.61622854609925E-13
   -3.88353949586469E-12
   -4.53871275164682E-12
   -3.94784003088079E-12
   -3.13259887726379E-12
   -2.40549736025574E-12
   -1.82769984259939E-12
           4           4           2
   -5.69225788558484E-06
   -4.94842665617025E-06
   -4.26082344528133E-06
   -3.50254302590215E-06
   -2.68181365123365E-06
   -1.87352632938433E-06
   -1.16148662306878E-06
   -6.03213800318650E-07
   -2.17803296096353E-07
    9.37698868122318E-09
    1.13594254717094E-07
    1.36591798355159E-07
    1.15910939708258E-07
    7.92882587894986E-08
    4.35644217983155E-08
    1.64875440626836E-08
   -3.10875246410294E-10
   -8.43649534984183E-09
   -1.06010826635622E-08
   -9.37836457903750E-09
   -6.68270181685772E-09
   -3.70312204703446E-09
   -1.05109196213224E-09
    1.04007648912433E-09
    2.54591563054267E-09
    3.53630870945566E-09
    4.11053970340137E-09
    4.36639797567819E-09
    4.38856747641922E-09
    4.24606684840914E-09
           4           6           2
    2.44780091827431E-07
    4.63583801142013E-07
    5.76609807972034E-07
    6.01497778258943E-07
    5.63297864324911E-07
    4.87131946918777E-07
    3.94204689888829E-07
    3.00188088127656E-07
    2.15150660953432E-07
    1.44360342837043E-07
    8.94574299730531E-08
    4.96587489710398E-08
    2.28014979411651E-08
    6.14795315770839E-09
   -3.05657082650229E-09
   -7.24368821211839E-09
   -8.35685154054581E-09
   -7.81507599911369E-09
   -6.56120569631812E-09
   -5.15540479457829E-09
   -3.88221642937052E-09
   -2.84912280107854E-09
   -2.06456902117910E-09
   -1.49199482142855E-09
   -1.08234459473035E-09
   -7.90407530610002E-10
   -5.80778561875347E-10
   -4.28239631587026E-10
   -3.15809514358050E-10
   -2.32302128649712E-10
           4           8           2
    8.68784276588199E-08
   -9.37319118603966E-08
   -2.14920961966822E-07
   -2.82916063937429E-07
   -3.06714038760555E-07
   -2.97150423763097E-07
   -2.65511897031089E-07
   -2.22159763453741E-07
   -1.75512761612461E-07
   -1.31546592341454E-07
   -9.37955686181241E-08
   -6.37226891420175E-08
   -4.12817811512831E-08
   -2.55108843157903E-08
   -1.50416440606729E-08
   -8.46687367037336E-09
   -4.55806192952611E-09
   -2.35738468759414E-09
   -1.18320807335392E-09
   -5.88029999080666E-10
   -2.99432203087227E-10
   -1.63333638545108E-10
   -9.87577220672236E-11
   -6.61891064027629E-11
   -4.77232743087042E-11
   -3.57737622136139E-11
   -2.72604728132098E-11
   -2.08936327718005E-11
   -1.60411432035473E-11
   -1.23104631498598E-11
           4          10           2
    1.16418037668946E-08
    9.08882819800508E-08
    1.46552648640313E-07
    1.78261732205276E-07
    1.88407931800325E-07
    1.81339883724899E-07
    1.62362718667437E-07
    1.36776403547450E-07
    1.09135795383497E-07
    8.28243212914518E-08
    5.99430924917516E-08
    4.14438279972332E-08
    2.74027125484647E-08
    1.73386016971108E-08
    1.05011829818982E-08
    6.08761353944793E-09
    3.37663922683466E-09
    1.79076857875245E-09
    9.06968460051108E-10
    4.37821291155789E-10
    2.00787396720320E-10
    8.69728970694437E-11
    3.51826624847159E-11
    1.29645860737462E-11
    4.07128025923125E-12
    8.22497695652630E-13
   -1.98739833268338E-13
   -4.18903351103406E-13
   -3.90124591490934E-13
   -3.06880721722250E-13
           6           6           2
   -1.69315107372279E-07
   -1.27034572960167E-07
   -9.05803751155164E-08
   -5.93136476792999E-08
   -3.29346444928191E-08
   -1.15712920923173E-08
    4.48057891119518E-09
    1.51103763440023E-08
    2.06428921926127E-08
    2.18921642271170E-08
    2.00311716717623E-08
    1.63545336894931E-08
    1.20334279909563E-08
    7.94375410231632E-09
    4.60099427636738E-09
    2.19152678185552E-09
    6.63561318819278E-10
   -1.64826045518987E-10
   -5.13338408236722E-10
   -5.78860877969492E-10
   -5.07581567171193E-10
   -3.91651344812765E-10
   -2.79416162290109E-10
   -1.89932512746017E-10
   -1.25995996056634E-10
   -8.33489769795869E-11
   -5.60128162697970E-11
   -3.87224652853775E-11
   -2.76445723937614E-11
   -2.02769837173749E-11
           6           8           2
    4.76861112255916E-08
    3.59746858862910E-08
    2.60935049767414E-08
    1.73880335720530E-08
    9.80023693463961E-09
    3.54763902442466E-09
   -1.14397429675787E-09
   -4.20181244551784E-09
   -5.75510215714464E-09
   -6.09857854823494E-09
   -5.61147162241937E-09
   -4.67087028856161E-09
   -3.58624319714760E-09
   -2.56797096433777E-09
   -1.72749274240020E-09
   -1.09806604996203E-09
   -6.63242981728591E-10
   -3.83210342861472E-10
   -2.13663609580945E-10
   -1.16322783752601E-10
   -6.27664793844542E-11
   -3.41354752054140E-11
   -1.90032272809421E-11
   -1.09436742123825E-11
   -6.54290491884890E-12
   -4.05712454118607E-12
   -2.60095825272251E-12
   -1.71962403785428E-12
   -1.16918852124324E-12
   -8.14153665926129E-13
           6          10           2
   -2.57779323059845E-08
   -2.07722652953330E-08
   -1.59579791699811E-08
   -1.13627472766355E-08
   -7.14318352379763E-09
   -3.50756410213458E-09
   -6.31642138268917E-10
    1.39924110195436E-09
    2.60939146225861E-09
    3.11763908913754E-09
    3.10066715155821E-09
    2.75043807246578E-09
    2.23886739054806E-09
    1.69662077726866E-09
    1.20672295772813E-09
    8.09500365054079E-10
    5.13686228514851E-10
    3.08865023064224E-10
    1.76077588255649E-10
    9.51419818776118E-11
    4.86607914974307E-11
    2.34938528772509E-11
    1.06543907374647E-11
    4.49933501912128E-12
    1.73907922051180E-12
    5.91573266922180E-13
    1.57608727758613E-13
    1.41857787283150E-14
   -2.17631103225067E-14
   -2.44807176749969E-14
           8           8           2
    1.43812223563294E-08
    1.20058609390769E-08
    1.00207821349383E-08
    8.27155128165812E-09
    6.67771465308455E-09
    5.21744800517309E-09
    3.90535933133074E-09
    2.77040203774886E-09
    1.83754382593786E-09
    1.11652228342605E-09
    5.97737190644447E-10
    2.55059760724631E-10
    5.23034683232924E-11
   -4.95843163144256E-11
   -8.64143473207889E-11
   -8.68444689351571E-11
   -7.10210372458630E-11
   -5.11987598676009E-11
   -3.35583566384283E-11
   -2.02990873553505E-11
   -1.14258449242512E-11
   -6.01737732550614E-12
   -2.97943326005907E-12
   -1.39727911105288E-12
   -6.29625459615578E-13
   -2.80762405630643E-13
   -1.31122880762470E-13
   -6.87737371565969E-14
   -4.18040870961877E-14
   -2.87113362530916E-14
           8          10           2
   -4.10285139976854E-09
   -3.72261484682896E-09
   -3.30968563808116E-09
   -2.86634306920015E-09
   -2.40285168084655E-09
   -1.93775212461123E-09
   -1.49351770795611E-09
   -1.09220072680658E-09
   -7.51061809619172E-10
   -4.79821835693824E-10
   -2.79185447077285E-10
   -1.41950924607063E-10
   -5.62281223859283E-11
   -8.59037596195810E-12
    1.35259487463445E-11
    2.03721660036303E-11
    1.93556231130766E-11
    1.52277491448105E-11
    1.06389525857426E-11
    6.78875242006179E-12
    4.01049301466779E-12
    2.20894391892073E-12
    1.13812019302111E-12
    5.48792205910110E-13
    2.47067202266565E-13
    1.03301833894001E-13
    3.98809371176876E-14
    1.35207673910137E-14
    3.80437521424275E-15
    2.74290232386387E-16
          10          10           2
   -1.51293673000426E-09
   -1.22168432169854E-09
   -9.02288901108804E-10
   -5.98916237358567E-10
   -3.42895322300465E-10
   -1.50642606199574E-10
   -2.48662751158700E-11
    4.29677467111146E-11
    6.80321791661904E-11
    6.73558414247029E-11
    5.50758589146922E-11
    4.00491854822273E-11
    2.67270578353764E-11
    1.66717216149133E-11
    9.87043598407368E-12
    5.63319246282528E-12
    3.17810905674986E-12
    1.82319803772791E-12
    1.07962033431634E-12
    6.54975896877121E-13
    3.99494888493616E-13
    2.39259834999805E-13
    1.37403584908916E-13
    7.50296721538417E-14
    3.80960447802175E-14
    1.82976104911477E-14
    8.13727410597936E-15
    3.51531939764071E-15
    1.42563967121606E-15
    4.61649473396065E-16
           4           4           3
    4.96217356097783E-06
    3.00559794057636E-06
    1.77077663527097E-06
    1.00067415533087E-06
    5.28311212812815E-07
    2.47062745209918E-07
    8.83153327107225E-08
    6.81432542161106E-09
   -2.79814358713582E-08
   -3.67060770683709E-08
   -3.28494042310688E-08
   -2.46110779710485E-08
   -1.63850338321327E-08
   -1.00288695249255E-08
   -5.90404872606273E-09
   -3.64655827983099E-09
   -2.66542201887573E-09
   -2.41124154391901E-09
   -2.48145052057134E-09
   -2.62971156940014E-09
   -2.73237213627538E-09
   -2.74539986145529E-09
   -2.66814138475836E-09
   -2.51876138042232E-09
   -2.32021686363148E-09
   -2.09361711862044E-09
   -1.85587533764398E-09
   -1.61946916015272E-09
   -1.39302075171443E-09
   -1.18207934781578E-09
           4           6           3
   -4.77096594047718E-07
   -4.34114249099677E-07
   -3.68519792609444E-07
   -2.95023997968482E-07
   -2.23861462470921E-07
   -1.61164213821654E-07
   -1.09776716433153E-07
   -7.01951275954578E-08
   -4.14407546005729E-08
   -2.17699940489732E-08
   -9.19025794746323E-09
   -1.79403671532572E-09
    2.05634670436319E-09
    3.65412111555452E-09
    3.94708339593747E-09
    3.57967299776043E-09
    2.95472846007887E-09
    2.29862818071866E-09
    1.71966745376491E-09
    1.25460479530316E-09
    9.02131849416022E-10
    6.44538686508181E-10
    4.60134514493039E-10
    3.29250203057028E-10
    2.36338147708757E-10
    1.70041230613107E-10
    1.22425559256020E-10
    8.80540220967381E-11
    6.31940018235736E-11
    4.52325553798038E-11
           4           8           3
    3.51473334917830E-07
    3.57842364950219E-07
    3.34106501911907E-07
    2.92268627991143E-07
    2.42171239630344E-07
    1.91229200721221E-07
    1.44423611753051E-07
    1.04547428136511E-07
    7.26333874918854E-08
    4.84639904626348E-08
    3.10688858115129E-08
    1.91407032231545E-08
    1.13358296688211E-08
    6.45845688068341E-09
    3.54582293093559E-09
    1.88265553406140E-09
    9.73484236367407E-10
    4.96479008981832E-10
    2.54979594910870E-10
    1.35713718738089E-10
    7.71173458123495E-11
    4.75734050348192E-11
    3.16958559177775E-11
    2.23382294276311E-11
    1.62834799111979E-11
    1.20790568009366E-11
    9.03479933321157E-12
    6.78138213249074E-12
    5.09539598986592E-12
    3.82890011278560E-12
           4          10           3
   -2.81504691358222E-07
   -2.84338512105086E-07
   -2.66627113476252E-07
   -2.35518648935917E-07
   -1.97578348854951E-07
   -1.58189623148516E-07
   -1.21251420841394E-07
   -8.91531954328250E-08
   -6.29642241259802E-08
   -4.27478590178407E-08
   -2.79129900672816E-08
   -1.75334620168825E-08
   -1.05951664905002E-08
   -6.15829233298908E-09
   -3.44180332728735E-09
   -1.84869315978593E-09
   -9.53591350490623E-10
   -4.71822624122833E-10
   -2.23535414112740E-10
   -1.01113886444755E-10
   -4.34479466682433E-11
   -1.75615175958594E-11
   -6.53603662329488E-12
   -2.11900315762745E-12
   -4.85013922067741E-13
    4.75579180018071E-14
    1.77523285211298E-13
    1.76981821115752E-13
    1.44123355290559E-13
    1.10392627521838E-13
           6           6           3
    2.56002246493072E-08
   -3.59714788883672E-10
   -1.75659777479916E-08
   -2.76398580630835E-08
   -3.20892419476466E-08
   -3.23079867833221E-08
   -2.95886525230533E-08
   -2.51083376343148E-08
   -1.98817877781403E-08
   -1.47050964692589E-08
   -1.01214130869207E-08
   -6.42201092860349E-09
   -3.68270067997734E-09
   -1.82448124569850E-09
   -6.81247439259558E-10
   -5.92321344037565E-11
    2.21041379117532E-10
    3.02272430014751E-10
    2.84340562824869E-10
    2.28875074107462E-10
    1.68711988713205E-10
    1.17924929810766E-10
    8.00687345702585E-11
    5.38518420048498E-11
    3.64464836413304E-11
    2.50888159802737E-11
    1.76437928485241E-11
    1.26578006093490E-11
    9.21550128327901E-12
    6.76515715152655E-12
           6           8           3
   -1.07003713410880E-08
   -2.65324422164700E-10
    6.91958202452263E-09
    1.13299288721074E-08
    1.34261569616118E-08
    1.37072166584972E-08
    1.27003798178045E-08
    1.09184855999577E-08
    8.80886234620548E-09
    6.71333160319072E-09
    4.85324504969627E-09
    3.33802043292247E-09
    2.18953797966051E-09
    1.37285057802837E-09
    8.24973342327812E-10
    4.76735213462552E-10
    2.66168755310922E-10
    1.44511838727001E-10
    7.69810968245804E-11
    4.07004508281999E-11
    2.16496211227610E-11
    1.17501775152980E-11
    6.58692588129304E-12
    3.84565196160712E-12
    2.34622538086552E-12
    1.49496388343589E-12
    9.91704875088758E-13
    6.81321329826557E-13
    4.82636247823290E-13
    3.50468652453432E-13
           6          10           3
   -3.16578046037112E-09
   -7.71691210163622E-09
   -1.07472729036346E-08
   -1.23769417327681E-08
   -1.27959243843811E-08
   -1.22515276600900E-08
   -1.10232436291472E-08
   -9.39294536013040E-09
   -7.61457381342958E-09
   -5.88888944961125E-09
   -4.35215034436046E-09
   -3.07709497411384E-09
   -2.08282073172236E-09
   -1.35022781096449E-09
   -8.38411602865297E-10
   -4.98592393993981E-10
   -2.83855753216997E-10
   -1.54599997108538E-10
   -8.04687887061866E-11
   -3.99647005946529E-11
   -1.88956964990332E-11
   -8.47403306884259E-12
   -3.58326644374912E-12
   -1.41341185758253E-12
   -5.08495349387905E-13
   -1.57827918877456E-13
   -3.44095868299516E-14
    3.31626031221501E-15
    1.12310899235556E-14
    1.03866095216683E-14
           8           8           3
   -2.48161028843403E-09
   -2.16677284063799E-09
   -1.98265721600482E-09
   -1.77510398243740E-09
   -1.49453590700594E-09
   -1.15492968620328E-09
   -7.97794610937743E-10
   -4.68004428620903E-10
   -2.00165549458447E-10
   -1.11738831225204E-11
    1.00248817269727E-10
    1.48343510330479E-10
    1.52815645926662E-10
    1.32743905044674E-10
    1.03019023021389E-10
    7.32579378264396E-11
    4.83612819669267E-11
    2.98667063960391E-11
    1.73411558585826E-11
    9.49987084633693E-12
    4.92839146161032E-12
    2.43227901202270E-12
    1.15004142152261E-12
    5.29097113813731E-13
    2.42694630694154E-13
    1.16099552342046E-13
    6.03002625324339E-14
    3.56359640831669E-14
    2.32764680284271E-14
    1.62077742853122E-14
           8          10           3
   -8.92300381773119E-10
   -6.43096995874795E-10
   -4.06906081818509E-10
   -2.21510580344256E-10
   -9.93645925194436E-11
   -3.55107190829035E-11
   -1.63032013302742E-11
   -2.51492076185400E-11
   -4.54288013524394E-11
   -6.44174838659601E-11
   -7.52258961018914E-11
   -7.61934844567459E-11
   -6.91368980575345E-11
   -5.73395507422523E-11
   -4.40263473732644E-11
   -3.15587709203099E-11
   -2.12215753503471E-11
   -1.34298402328717E-11
   -8.01631046838031E-12
   -4.52025783807312E-12
   -2.40989519078077E-12
   -1.21490332706616E-12
   -5.79039969601398E-13
   -2.60515914424257E-13
   -1.09995430199670E-13
   -4.34943041937523E-14
   -1.57244229394155E-14
   -5.34183951506519E-15
   -1.26561250423763E-15
   -9.10986350139389E-17
          10          10           3
    1.94638256571523E-09
    2.04009187216335E-09
    1.96117691048542E-09
    1.75877750011129E-09
    1.48292123092174E-09
    1.17894814257144E-09
    8.84104790600922E-10
    6.25256873109207E-10
    4.16365302421413E-10
    2.60454107020802E-10
    1.52583954416553E-10
    8.31274984499371E-11
    4.15388904758043E-11
    1.85110915345109E-11
    6.87351085986140E-12
    1.65768730368487E-12
   -3.06377775647201E-13
   -8.05323181138069E-13
   -7.45857723144197E-13
   -5.36430701674256E-13
   -3.37849361578031E-13
   -1.94140507878983E-13
   -1.03881312866684E-13
   -5.19826649115928E-14
   -2.40137852835786E-14
   -1.09855254181216E-14
   -4.56746092639511E-15
   -1.68404049526296E-15
   -4.21000176968874E-16
   -5.34041352682668E-16
