    0      0    1.0000000000000001E-05    0.0000000000000000E+00
    0      0    1.0000000000000001E-05    0.0000000000000000E+00
    0      0    1.0000000000000001E-05    0.0000000000000000E+00
    0      0    1.0000000000000001E-05    0.0000000000000000E+00
    0      0    1.0000000000000001E-05    0.0000000000000000E+00
    0      0    1.0000000000000001E-05    0.0000000000000000E+00
    0      0    1.0000000000000001E-05    0.0000000000000000E+00
    0      0    1.0000000000000001E-05    0.0000000000000000E+00
    0      0    1.0000000000000001E-05    0.0000000000000000E+00
    0      0    1.0000000000000001E-05    0.0000000000000000E+00
    0      0    1.0000000000000001E-05    0.0000000000000000E+00
    0      0    1.0000000000000001E-05    0.0000000000000000E+00
    0      0    1.0000000000000001E-05    0.0000000000000000E+00
    0      0    1.0000000000000001E-05    0.0000000000000000E+00
