  0.8163420E-01  0.3459608E+00  0.0000000E+00  0.0000000E+00  0.3137677E+00  0.0000000E+00  0.0000000E+00  0.0000000E+00  0.0000000E+00  0.3137677E+00  0.0000000E+00  0.0000000E+00
  0.8163420E-01  0.9735027E+00  0.0000000E+00  0.0000000E+00  0.3750992E-17  0.0000000E+00  0.0000000E+00  0.0000000E+00  0.0000000E+00  0.3750974E-17  0.0000000E+00  0.0000000E+00
  0.8163420E-01  0.3459608E+00  0.0000000E+00  0.0000000E+00  0.3137677E+00  0.0000000E+00  0.0000000E+00  0.0000000E+00  0.0000000E+00  0.3137677E+00  0.0000000E+00  0.0000000E+00
  0.8163420E-01  0.9735027E+00  0.0000000E+00  0.0000000E+00  0.3750992E-17  0.0000000E+00  0.0000000E+00  0.0000000E+00  0.0000000E+00  0.3750974E-17  0.0000000E+00  0.0000000E+00
  0.8163420E-01  0.9735027E+00  0.0000000E+00  0.0000000E+00  0.3750992E-17  0.0000000E+00  0.0000000E+00  0.0000000E+00  0.0000000E+00  0.3750974E-17  0.0000000E+00  0.0000000E+00
  0.8163420E-01  0.9735027E+00  0.0000000E+00  0.0000000E+00  0.3750992E-17  0.0000000E+00  0.0000000E+00  0.0000000E+00  0.0000000E+00  0.3750974E-17  0.0000000E+00  0.0000000E+00
  0.8163420E-01  0.9735027E+00  0.0000000E+00  0.0000000E+00  0.3750992E-17  0.0000000E+00  0.0000000E+00  0.0000000E+00  0.0000000E+00  0.3750974E-17  0.0000000E+00  0.0000000E+00
  0.8163420E-01  0.3488981E+00  0.0000000E+00  0.0000000E+00  0.3122990E+00  0.0000000E+00  0.0000000E+00  0.0000000E+00  0.0000000E+00  0.3122990E+00  0.0000000E+00  0.0000000E+00
  0.8163420E-01  0.3488981E+00  0.0000000E+00  0.0000000E+00  0.3122990E+00  0.0000000E+00  0.0000000E+00  0.0000000E+00  0.0000000E+00  0.3122990E+00  0.0000000E+00  0.0000000E+00
  0.8163420E-01  0.3488981E+00  0.0000000E+00  0.0000000E+00  0.3122990E+00  0.0000000E+00  0.0000000E+00  0.0000000E+00  0.0000000E+00  0.3122990E+00  0.0000000E+00  0.0000000E+00
  0.8163420E-01  0.3459608E+00  0.0000000E+00  0.0000000E+00  0.3137677E+00  0.0000000E+00  0.0000000E+00  0.0000000E+00  0.0000000E+00  0.3137677E+00  0.0000000E+00  0.0000000E+00
  0.8163420E-01  0.3459608E+00  0.0000000E+00  0.0000000E+00  0.3137677E+00  0.0000000E+00  0.0000000E+00  0.0000000E+00  0.0000000E+00  0.3137677E+00  0.0000000E+00  0.0000000E+00
  0.8163420E-01  0.3459608E+00  0.0000000E+00  0.0000000E+00  0.3137677E+00  0.0000000E+00  0.0000000E+00  0.0000000E+00  0.0000000E+00  0.3137677E+00  0.0000000E+00  0.0000000E+00
  0.8163420E-01  0.8507609E+00  0.0000000E+00  0.0000000E+00  0.6136762E-01  0.0000000E+00  0.0000000E+00  0.0000000E+00  0.0000000E+00  0.6136762E-01  0.0000000E+00  0.0000000E+00
  0.8163420E-01  0.8507611E+00  0.0000000E+00  0.0000000E+00  0.6136753E-01  0.0000000E+00  0.0000000E+00  0.0000000E+00  0.0000000E+00  0.6136753E-01  0.0000000E+00  0.0000000E+00
  0.8163420E-01  0.9734962E+00  0.0000000E+00  0.0000000E+00  0.7056580E-21  0.0000000E+00  0.0000000E+00  0.0000000E+00  0.0000000E+00  0.7056634E-21  0.0000000E+00  0.0000000E+00
  0.8163420E-01  0.9734962E+00  0.0000000E+00  0.0000000E+00  0.7056583E-21  0.0000000E+00  0.0000000E+00  0.0000000E+00  0.0000000E+00  0.7056637E-21  0.0000000E+00  0.0000000E+00
  0.8163420E-01  0.2345909E+06  0.0000000E+00  0.0000000E+00  0.5300938E-18  0.0000000E+00  0.0000000E+00  0.0000000E+00  0.0000000E+00  0.5299935E-18  0.0000000E+00  0.0000000E+00
  0.8163420E-01  0.1000001E+01  0.0000000E+00  0.0000000E+00  0.1567506E-21  0.0000000E+00  0.0000000E+00  0.0000000E+00  0.0000000E+00  0.1567424E-21  0.0000000E+00  0.0000000E+00
  0.8163420E-01  0.1000001E+01  0.0000000E+00  0.0000000E+00  0.1567506E-21  0.0000000E+00  0.0000000E+00  0.0000000E+00  0.0000000E+00  0.1567424E-21  0.0000000E+00  0.0000000E+00
  0.8163420E-01  0.1101974E+03  0.0000000E+00  0.0000000E+00  0.2077854E-22  0.0000000E+00  0.0000000E+00  0.0000000E+00  0.0000000E+00  0.2077909E-22  0.0000000E+00  0.0000000E+00
  0.8163420E-01  0.1101974E+03  0.0000000E+00  0.0000000E+00  0.2077854E-22  0.0000000E+00  0.0000000E+00  0.0000000E+00  0.0000000E+00  0.2077909E-22  0.0000000E+00  0.0000000E+00
  0.8707648E-01  0.2581042E+03  0.0000000E+00  0.0000000E+00  0.1484848E-20  0.0000000E+00  0.0000000E+00  0.0000000E+00  0.0000000E+00  0.1484858E-20  0.0000000E+00  0.0000000E+00
  0.9251876E-01  0.5796291E+03  0.0000000E+00  0.0000000E+00  0.3107714E-20  0.0000000E+00  0.0000000E+00  0.0000000E+00  0.0000000E+00  0.0000000E+00  0.0000000E+00  0.0000000E+00  0.2459601E-30  0.0000000E+00  0.0000000E+00  0.0000000E+00
  0.0000000E+00  0.2036576E-30  0.0000000E+00  0.3107713E-20  0.0000000E+00  0.0000000E+00  0.5642863E-29  0.0000000E+00  0.0000000E+00  0.0000000E+00  0.0000000E+00  0.2042401E-30  0.0000000E+00  0.0000000E+00  0.0000000E+00  0.0000000E+00
  0.2460733E-30  0.0000000E+00  0.0000000E+00  0.0000000E+00  0.0000000E+00
  0.8163420E-01  0.1101974E+03  0.0000000E+00  0.0000000E+00  0.2077854E-22  0.0000000E+00  0.0000000E+00  0.0000000E+00  0.0000000E+00  0.2077909E-22  0.0000000E+00  0.0000000E+00
  0.8707648E-01  0.2581042E+03  0.0000000E+00  0.0000000E+00  0.1484848E-20  0.0000000E+00  0.0000000E+00  0.0000000E+00  0.0000000E+00  0.1484858E-20  0.0000000E+00  0.0000000E+00
  0.9251876E-01  0.5796291E+03  0.0000000E+00  0.0000000E+00  0.3107714E-20  0.0000000E+00  0.0000000E+00  0.0000000E+00  0.0000000E+00  0.0000000E+00  0.0000000E+00  0.0000000E+00  0.2459601E-30  0.0000000E+00  0.0000000E+00  0.0000000E+00
  0.0000000E+00  0.2036576E-30  0.0000000E+00  0.3107713E-20  0.0000000E+00  0.0000000E+00  0.5642863E-29  0.0000000E+00  0.0000000E+00  0.0000000E+00  0.0000000E+00  0.2042401E-30  0.0000000E+00  0.0000000E+00  0.0000000E+00  0.0000000E+00
  0.2460728E-30  0.0000000E+00  0.0000000E+00  0.0000000E+00  0.0000000E+00
  0.2499522E+00  0.1161114E+10  0.0000000E+00  0.0000000E+00  0.1371889E-12  0.0000000E+00  0.0000000E+00  0.0000000E+00  0.0000000E+00  0.4925970E-20  0.0000000E+00  0.0000000E+00  0.0000000E+00  0.0000000E+00  0.0000000E+00  0.0000000E+00
  0.0000000E+00  0.4032667E-21  0.0000000E+00  0.0000000E+00  0.0000000E+00  0.0000000E+00  0.3567733E-29  0.0000000E+00  0.0000000E+00  0.0000000E+00  0.0000000E+00  0.4255092E-19  0.0000000E+00  0.0000000E+00  0.0000000E+00  0.0000000E+00
  0.2305201E-26  0.0000000E+00  0.1371894E-12  0.0000000E+00  0.0000000E+00  0.5982201E-18  0.0000000E+00  0.0000000E+00  0.0000000E+00  0.0000000E+00  0.3670451E-25  0.0000000E+00  0.0000000E+00  0.0000000E+00  0.0000000E+00  0.4255092E-19
  0.0000000E+00  0.0000000E+00  0.0000000E+00  0.0000000E+00  0.2305201E-26  0.0000000E+00  0.0000000E+00  0.0000000E+00  0.0000000E+00  0.4032667E-21  0.0000000E+00  0.0000000E+00  0.0000000E+00  0.0000000E+00  0.3567720E-29  0.0000000E+00
  0.0000000E+00  0.0000000E+00  0.0000000E+00  0.0000000E+00  0.0000000E+00  0.0000000E+00  0.0000000E+00  0.0000000E+00  0.3553265E-29  0.0000000E+00  0.0000000E+00  0.0000000E+00  0.0000000E+00  0.2304449E-26  0.0000000E+00  0.4929687E-20
  0.0000000E+00  0.0000000E+00  0.3678208E-25  0.0000000E+00  0.0000000E+00  0.0000000E+00  0.0000000E+00  0.2304448E-26  0.0000000E+00  0.0000000E+00  0.0000000E+00  0.0000000E+00  0.3553260E-29  0.0000000E+00  0.0000000E+00  0.0000000E+00
  0.0000000E+00
  0.2499522E+00  0.1014689E+01  0.0000000E+00  0.0000000E+00  0.2261186E-21  0.0000000E+00  0.0000000E+00  0.0000000E+00  0.0000000E+00  0.4659679E-27  0.0000000E+00  0.0000000E+00  0.0000000E+00  0.0000000E+00  0.0000000E+00  0.0000000E+00
  0.0000000E+00  0.9195189E-27  0.0000000E+00  0.0000000E+00  0.0000000E+00  0.0000000E+00  0.1064264E-27  0.0000000E+00  0.0000000E+00  0.0000000E+00  0.0000000E+00  0.1172739E-27  0.0000000E+00  0.0000000E+00  0.0000000E+00  0.0000000E+00
  0.2781311E-33  0.0000000E+00  0.2258713E-21  0.0000000E+00  0.0000000E+00  0.1100862E-26  0.0000000E+00  0.0000000E+00  0.0000000E+00  0.0000000E+00  0.1622996E-31  0.0000000E+00  0.0000000E+00  0.0000000E+00  0.0000000E+00  0.1172739E-27
  0.0000000E+00  0.0000000E+00  0.0000000E+00  0.0000000E+00  0.2781311E-33  0.0000000E+00  0.0000000E+00  0.0000000E+00  0.0000000E+00  0.9195189E-27  0.0000000E+00  0.0000000E+00  0.0000000E+00  0.0000000E+00  0.1064264E-27  0.0000000E+00
  0.0000000E+00  0.0000000E+00  0.0000000E+00  0.0000000E+00  0.0000000E+00  0.0000000E+00  0.0000000E+00  0.0000000E+00  0.1065786E-27  0.0000000E+00  0.0000000E+00  0.0000000E+00  0.0000000E+00  0.2213511E-33  0.0000000E+00  0.3913401E-27
  0.0000000E+00  0.0000000E+00  0.6864832E-31  0.0000000E+00  0.0000000E+00  0.0000000E+00  0.0000000E+00  0.2213511E-33  0.0000000E+00  0.0000000E+00  0.0000000E+00  0.0000000E+00  0.1065786E-27  0.0000000E+00  0.0000000E+00  0.0000000E+00
  0.0000000E+00
  0.2449026E+00  0.1012085E+01  0.0000000E+00  0.0000000E+00  0.2185273E-21  0.0000000E+00  0.0000000E+00  0.0000000E+00  0.0000000E+00  0.4708968E-27  0.0000000E+00  0.0000000E+00  0.0000000E+00  0.0000000E+00  0.0000000E+00  0.0000000E+00
  0.0000000E+00  0.9232168E-27  0.0000000E+00  0.0000000E+00  0.0000000E+00  0.0000000E+00  0.1042743E-27  0.0000000E+00  0.0000000E+00  0.0000000E+00  0.0000000E+00  0.1221693E-27  0.0000000E+00  0.0000000E+00  0.0000000E+00  0.0000000E+00
  0.2694931E-33  0.0000000E+00  0.2182831E-21  0.0000000E+00  0.0000000E+00  0.1167943E-26  0.0000000E+00  0.0000000E+00  0.0000000E+00  0.0000000E+00  0.1602780E-31  0.0000000E+00  0.0000000E+00  0.0000000E+00  0.0000000E+00  0.1221693E-27
  0.0000000E+00  0.0000000E+00  0.0000000E+00  0.0000000E+00  0.2694931E-33  0.0000000E+00  0.0000000E+00  0.0000000E+00  0.0000000E+00  0.9232168E-27  0.0000000E+00  0.0000000E+00  0.0000000E+00  0.0000000E+00  0.1042743E-27  0.0000000E+00
  0.0000000E+00  0.0000000E+00  0.0000000E+00  0.0000000E+00  0.0000000E+00  0.0000000E+00  0.0000000E+00  0.0000000E+00  0.1044235E-27  0.0000000E+00  0.0000000E+00  0.0000000E+00  0.0000000E+00  0.2140873E-33  0.0000000E+00  0.3960982E-27
  0.0000000E+00  0.0000000E+00  0.6762376E-31  0.0000000E+00  0.0000000E+00  0.0000000E+00  0.0000000E+00  0.2140873E-33  0.0000000E+00  0.0000000E+00  0.0000000E+00  0.0000000E+00  0.1044235E-27  0.0000000E+00  0.0000000E+00  0.0000000E+00
  0.0000000E+00
  0.2499522E+00  0.1014689E+01  0.0000000E+00  0.0000000E+00  0.2298705E-21  0.0000000E+00  0.0000000E+00  0.0000000E+00  0.0000000E+00  0.0000000E+00  0.0000000E+00  0.0000000E+00  0.9654608E-27  0.0000000E+00  0.0000000E+00  0.0000000E+00
  0.0000000E+00  0.1235726E-27  0.0000000E+00  0.2296186E-21  0.0000000E+00  0.0000000E+00  0.1162622E-26  0.0000000E+00  0.0000000E+00  0.0000000E+00  0.0000000E+00  0.1235726E-27  0.0000000E+00  0.0000000E+00  0.0000000E+00  0.0000000E+00
  0.9654608E-27  0.0000000E+00  0.0000000E+00  0.0000000E+00  0.0000000E+00
  0.2499522E+00  0.1009226E+01  0.0000000E+00  0.0000000E+00  0.4247163E-21  0.0000000E+00  0.0000000E+00  0.0000000E+00  0.0000000E+00  0.0000000E+00  0.0000000E+00  0.0000000E+00  0.1722270E-26  0.0000000E+00  0.0000000E+00  0.0000000E+00
  0.0000000E+00  0.2002945E-27  0.0000000E+00  0.4246421E-21  0.0000000E+00  0.0000000E+00  0.1806295E-26  0.0000000E+00  0.0000000E+00  0.0000000E+00  0.0000000E+00  0.2002945E-27  0.0000000E+00  0.0000000E+00  0.0000000E+00  0.0000000E+00
  0.1722270E-26  0.0000000E+00  0.0000000E+00  0.0000000E+00  0.0000000E+00
  0.2499522E+00  0.1000077E+01  0.0000000E+00  0.0000000E+00  0.4979228E-21  0.0000000E+00  0.0000000E+00  0.0000000E+00  0.0000000E+00  0.0000000E+00  0.0000000E+00  0.0000000E+00  0.1760253E-26  0.0000000E+00  0.0000000E+00  0.0000000E+00
  0.0000000E+00  0.1790789E-27  0.0000000E+00  0.4976055E-21  0.0000000E+00  0.0000000E+00  0.1548242E-26  0.0000000E+00  0.0000000E+00  0.0000000E+00  0.0000000E+00  0.1790789E-27  0.0000000E+00  0.0000000E+00  0.0000000E+00  0.0000000E+00
  0.1760253E-26  0.0000000E+00  0.0000000E+00  0.0000000E+00  0.0000000E+00
  0.2499993E+00  0.9986595E+00  0.0000000E+00  0.0000000E+00  0.5869125E-19  0.0000000E+00  0.0000000E+00  0.0000000E+00  0.0000000E+00  0.0000000E+00  0.0000000E+00  0.0000000E+00  0.1133855E-25  0.0000000E+00  0.0000000E+00  0.0000000E+00
  0.0000000E+00  0.9955538E-24  0.0000000E+00  0.5869112E-19  0.0000000E+00  0.0000000E+00  0.1421969E-22  0.0000000E+00  0.0000000E+00  0.0000000E+00  0.0000000E+00  0.9955538E-24  0.0000000E+00  0.0000000E+00  0.0000000E+00  0.0000000E+00
  0.1133855E-25  0.0000000E+00  0.0000000E+00  0.0000000E+00  0.0000000E+00
  0.2499993E+00  0.9986595E+00  0.0000000E+00  0.0000000E+00  0.5869125E-19  0.0000000E+00  0.0000000E+00  0.0000000E+00  0.0000000E+00  0.0000000E+00  0.0000000E+00  0.0000000E+00  0.1133855E-25  0.0000000E+00  0.0000000E+00  0.0000000E+00
  0.0000000E+00  0.9955538E-24  0.0000000E+00  0.5869112E-19  0.0000000E+00  0.0000000E+00  0.1421969E-22  0.0000000E+00  0.0000000E+00  0.0000000E+00  0.0000000E+00  0.9955538E-24  0.0000000E+00  0.0000000E+00  0.0000000E+00  0.0000000E+00
  0.1133855E-25  0.0000000E+00  0.0000000E+00  0.0000000E+00  0.0000000E+00
  0.2499993E+00  0.9986595E+00  0.0000000E+00  0.0000000E+00  0.5869125E-19  0.0000000E+00  0.0000000E+00  0.0000000E+00  0.0000000E+00  0.0000000E+00  0.0000000E+00  0.0000000E+00  0.1133855E-25  0.0000000E+00  0.0000000E+00  0.0000000E+00
  0.0000000E+00  0.9955538E-24  0.0000000E+00  0.5869112E-19  0.0000000E+00  0.0000000E+00  0.1421969E-22  0.0000000E+00  0.0000000E+00  0.0000000E+00  0.0000000E+00  0.9955538E-24  0.0000000E+00  0.0000000E+00  0.0000000E+00  0.0000000E+00
  0.1133855E-25  0.0000000E+00  0.0000000E+00  0.0000000E+00  0.0000000E+00
  0.2499993E+00  0.9986595E+00  0.0000000E+00  0.0000000E+00  0.5869125E-19  0.0000000E+00  0.0000000E+00  0.0000000E+00  0.0000000E+00  0.0000000E+00  0.0000000E+00  0.0000000E+00  0.1133855E-25  0.0000000E+00  0.0000000E+00  0.0000000E+00
  0.0000000E+00  0.9955538E-24  0.0000000E+00  0.5869112E-19  0.0000000E+00  0.0000000E+00  0.1421969E-22  0.0000000E+00  0.0000000E+00  0.0000000E+00  0.0000000E+00  0.9955538E-24  0.0000000E+00  0.0000000E+00  0.0000000E+00  0.0000000E+00
  0.1133855E-25  0.0000000E+00  0.0000000E+00  0.0000000E+00  0.0000000E+00
  0.2499993E+00  0.8484696E+00  0.0000000E+00  0.0000000E+00  0.6793083E-01  0.0000000E+00  0.0000000E+00  0.0000000E+00  0.0000000E+00  0.0000000E+00  0.0000000E+00  0.0000000E+00  0.1358969E-02  0.0000000E+00  0.0000000E+00  0.0000000E+00
  0.0000000E+00  0.1484035E-03  0.0000000E+00  0.6793083E-01  0.0000000E+00  0.0000000E+00  0.1131329E-01  0.0000000E+00  0.0000000E+00  0.0000000E+00  0.0000000E+00  0.1484035E-03  0.0000000E+00  0.0000000E+00  0.0000000E+00  0.0000000E+00
  0.1358969E-02  0.0000000E+00  0.0000000E+00  0.0000000E+00  0.0000000E+00
  0.2499993E+00  0.8484696E+00  0.0000000E+00  0.0000000E+00  0.6793083E-01  0.0000000E+00  0.0000000E+00  0.0000000E+00  0.0000000E+00  0.0000000E+00  0.0000000E+00  0.0000000E+00  0.1358969E-02  0.0000000E+00  0.0000000E+00  0.0000000E+00
  0.0000000E+00  0.1484035E-03  0.0000000E+00  0.6793083E-01  0.0000000E+00  0.0000000E+00  0.1131329E-01  0.0000000E+00  0.0000000E+00  0.0000000E+00  0.0000000E+00  0.1484035E-03  0.0000000E+00  0.0000000E+00  0.0000000E+00  0.0000000E+00
  0.1358969E-02  0.0000000E+00  0.0000000E+00  0.0000000E+00  0.0000000E+00
  0.2499993E+00  0.8476445E+00  0.0000000E+00  0.0000000E+00  0.6908976E-01  0.0000000E+00  0.0000000E+00  0.0000000E+00  0.0000000E+00  0.0000000E+00  0.0000000E+00  0.0000000E+00  0.1334315E-02  0.0000000E+00  0.0000000E+00  0.0000000E+00
  0.0000000E+00  0.8262127E-04  0.0000000E+00  0.6908976E-01  0.0000000E+00  0.0000000E+00  0.1000140E-01  0.0000000E+00  0.0000000E+00  0.0000000E+00  0.0000000E+00  0.8262127E-04  0.0000000E+00  0.0000000E+00  0.0000000E+00  0.0000000E+00
  0.1334315E-02  0.0000000E+00  0.0000000E+00  0.0000000E+00  0.0000000E+00
  0.2499993E+00  0.8476445E+00  0.0000000E+00  0.0000000E+00  0.6908977E-01  0.0000000E+00  0.0000000E+00  0.0000000E+00  0.0000000E+00  0.0000000E+00  0.0000000E+00  0.0000000E+00  0.1334315E-02  0.0000000E+00  0.0000000E+00  0.0000000E+00
  0.0000000E+00  0.8262131E-04  0.0000000E+00  0.6908977E-01  0.0000000E+00  0.0000000E+00  0.1000140E-01  0.0000000E+00  0.0000000E+00  0.0000000E+00  0.0000000E+00  0.8262131E-04  0.0000000E+00  0.0000000E+00  0.0000000E+00  0.0000000E+00
  0.1334315E-02  0.0000000E+00  0.0000000E+00  0.0000000E+00  0.0000000E+00
  0.2499993E+00  0.8476445E+00  0.0000000E+00  0.0000000E+00  0.6908977E-01  0.0000000E+00  0.0000000E+00  0.0000000E+00  0.0000000E+00  0.0000000E+00  0.0000000E+00  0.0000000E+00  0.1334315E-02  0.0000000E+00  0.0000000E+00  0.0000000E+00
  0.0000000E+00  0.8262131E-04  0.0000000E+00  0.6908977E-01  0.0000000E+00  0.0000000E+00  0.1000140E-01  0.0000000E+00  0.0000000E+00  0.0000000E+00  0.0000000E+00  0.8262131E-04  0.0000000E+00  0.0000000E+00  0.0000000E+00  0.0000000E+00
  0.1334315E-02  0.0000000E+00  0.0000000E+00  0.0000000E+00  0.0000000E+00
